0:
- cam_R_m2c: [-0.5020697116851807, -0.6519806385040283, 0.5681968331336975, -0.49325069785118103,
    -0.3237905502319336, -0.8073808550834656, 0.7103732824325562, -0.6856247186660767,
    -0.15902473032474518]
  cam_t_m2c: [-3.228994131088257, 2.3343729972839355, 1316.249755859375]
  obj_bb: [858, 605, 212, 208]
  obj_id: 16
1:
- cam_R_m2c: [0.9626360535621643, -0.2640373706817627, 0.060134224593639374, -0.14407086372375488,
    -0.6873839497566223, -0.7118615508079529, 0.2292933613061905, 0.6765999794006348,
    -0.6997406482696533]
  cam_t_m2c: [9.707979202270508, 7.197290420532227, 1270.791259765625]
  obj_bb: [840, 607, 225, 197]
  obj_id: 16
2:
- cam_R_m2c: [-0.2567903399467468, 0.9589666724205017, -0.12017350643873215, 0.6053686738014221,
    0.06266976147890091, -0.7934741973876953, -0.7533840537071228, -0.2765057682991028,
    -0.5966214537620544]
  cam_t_m2c: [-7.818393230438232, 9.222444534301758, 483.4267578125]
  obj_bb: [635, 519, 612, 414]
  obj_id: 16
3:
- cam_R_m2c: [0.29546305537223816, -0.9543564319610596, 0.043652866035699844, -0.9050769209861755,
    -0.29424941539764404, -0.3070072829723358, 0.3058391511440277, 0.051200151443481445,
    -0.9507058262825012]
  cam_t_m2c: [8.546871185302734, -4.192352294921875, 1054.7640380859375]
  obj_bb: [817, 563, 274, 294]
  obj_id: 16
4:
- cam_R_m2c: [0.3509378731250763, -0.9279283285140991, 0.12566469609737396, -0.461403489112854,
    -0.28813526034355164, -0.8390976190567017, 0.8148308992385864, 0.23648898303508759,
    -0.5292669534683228]
  cam_t_m2c: [8.398401260375977, 2.5522987842559814, 1341.03076171875]
  obj_bb: [842, 615, 220, 195]
  obj_id: 16
5:
- cam_R_m2c: [-0.3702801465988159, -0.6303784251213074, 0.6822870373725891, -0.5888024568557739,
    -0.40882134437561035, -0.697263777256012, 0.7184735536575317, -0.6599152088165283,
    -0.21978990733623505]
  cam_t_m2c: [-2.864595413208008, 1.4536771774291992, 524.661376953125]
  obj_bb: [710, 395, 537, 568]
  obj_id: 16
6:
- cam_R_m2c: [-0.48222634196281433, -0.5984655618667603, 0.6397632360458374, -0.5169386863708496,
    -0.39520058035850525, -0.759335994720459, 0.7072710990905762, -0.6968900561332703,
    -0.1187940463423729]
  cam_t_m2c: [-3.80431866645813, 2.329993963241577, 349.70159912109375]
  obj_bb: [577, 237, 798, 861]
  obj_id: 16
7:
- cam_R_m2c: [0.8517174124717712, -0.4524541199207306, 0.26431575417518616, -0.3173843324184418,
    -0.8468060493469238, -0.4268340766429901, 0.4169468879699707, 0.27965235710144043,
    -0.8648413419723511]
  cam_t_m2c: [8.847930908203125, 5.160286903381348, 783.6640014648438]
  obj_bb: [765, 510, 384, 369]
  obj_id: 16
8:
- cam_R_m2c: [0.5273721814155579, -0.8490702509880066, 0.030956540256738663, -0.7157667279243469,
    -0.4636157751083374, -0.5222436785697937, 0.45777347683906555, 0.2532591223716736,
    -0.8522343039512634]
  cam_t_m2c: [9.932639122009277, -0.2560373544692993, 632.845703125]
  obj_bb: [731, 453, 456, 479]
  obj_id: 16
9:
- cam_R_m2c: [0.8754833936691284, -0.4425535500049591, 0.19410109519958496, -0.3772275745868683,
    -0.876904308795929, -0.2978893518447876, 0.30204010009765625, 0.18757688999176025,
    -0.9346585273742676]
  cam_t_m2c: [9.378122329711914, 4.1245927810668945, 782.4124145507812]
  obj_bb: [766, 503, 382, 391]
  obj_id: 16
10:
- cam_R_m2c: [0.9806860089302063, -0.06204218044877052, 0.18548786640167236, -0.021003540605306625,
    -0.9762784838676453, -0.21549953520298004, 0.1944577842950821, 0.20744147896766663,
    -0.9587257504463196]
  cam_t_m2c: [7.848079204559326, 7.3940558433532715, 1272.2154541015625]
  obj_bb: [837, 606, 236, 221]
  obj_id: 16
11:
- cam_R_m2c: [0.5752759575843811, -0.816765308380127, -0.04418051242828369, -0.5993847846984863,
    -0.3841816186904907, -0.7022408246994019, 0.5565926432609558, 0.43046340346336365,
    -0.7105671763420105]
  cam_t_m2c: [10.55226993560791, 1.2289248704910278, 570.7809448242188]
  obj_bb: [713, 450, 491, 486]
  obj_id: 16
12:
- cam_R_m2c: [-0.9712862968444824, -0.12884747982025146, -0.20000337064266205, -0.0736875981092453,
    0.9622378945350647, -0.2620464861392975, 0.22621485590934753, -0.239784374833107,
    -0.944102942943573]
  cam_t_m2c: [-6.438971996307373, -5.47069787979126, 1046.77587890625]
  obj_bb: [796, 569, 294, 292]
  obj_id: 16
13:
- cam_R_m2c: [0.5191380381584167, -0.8436036109924316, 0.13721798360347748, -0.20435620844364166,
    -0.2784060835838318, -0.9384715557098389, 0.8299002051353455, 0.45915499329566956,
    -0.31692686676979065]
  cam_t_m2c: [9.236283302307129, 5.260862350463867, 616.0701293945312]
  obj_bb: [714, 536, 482, 363]
  obj_id: 16
14:
- cam_R_m2c: [0.7267833948135376, 0.22950637340545654, -0.6473891735076904, -0.5305155515670776,
    -0.4111006557941437, -0.7413162589073181, -0.4362787902355194, 0.8822264075279236,
    -0.1770244836807251]
  cam_t_m2c: [8.370512962341309, 2.2165067195892334, 599.4292602539062]
  obj_bb: [729, 464, 391, 446]
  obj_id: 16
15:
- cam_R_m2c: [0.8502981066703796, 0.16285212337970734, 0.5004721879959106, 0.48375576734542847,
    -0.616388201713562, -0.6213265657424927, 0.20730063319206238, 0.7704190611839294,
    -0.6028944253921509]
  cam_t_m2c: [3.504326105117798, 11.654322624206543, 1493.2034912109375]
  obj_bb: [861, 667, 198, 118]
  obj_id: 16
16:
- cam_R_m2c: [-0.2007279396057129, -0.9284766316413879, -0.31247299909591675, -0.8072203993797302,
    0.33748510479927063, -0.4842509925365448, 0.555070698261261, 0.15503188967704773,
    -0.8172280192375183]
  cam_t_m2c: [6.067228317260742, -6.4919328689575195, 988.5919189453125]
  obj_bb: [789, 565, 295, 303]
  obj_id: 16
17:
- cam_R_m2c: [0.48527711629867554, -0.8422778844833374, 0.23467908799648285, -0.7015218138694763,
    -0.5352692008018494, -0.4704834222793579, 0.521894097328186, 0.063682422041893,
    -0.8506302833557129]
  cam_t_m2c: [8.394380569458008, 0.04808604717254639, 1335.8504638671875]
  obj_bb: [841, 592, 224, 227]
  obj_id: 16
18:
- cam_R_m2c: [0.7296144962310791, -0.6795804500579834, -0.0763745829463005, -0.5130954384803772,
    -0.4701679050922394, -0.7181053757667542, 0.4521014988422394, 0.5631275773048401,
    -0.6917309761047363]
  cam_t_m2c: [11.167585372924805, 2.624411106109619, 1376.446533203125]
  obj_bb: [851, 606, 197, 200]
  obj_id: 16
19:
- cam_R_m2c: [0.7969607710838318, -0.578837513923645, 0.17262904345989227, -0.49728667736053467,
    -0.790983259677887, -0.35644394159317017, 0.34286969900131226, 0.19822575151920319,
    -0.9182307720184326]
  cam_t_m2c: [9.709546089172363, 2.8507039546966553, 1240.94921875]
  obj_bb: [833, 581, 238, 242]
  obj_id: 16
20:
- cam_R_m2c: [-0.6042160391807556, 0.7727782130241394, -0.194261372089386, 0.7514927983283997,
    0.47159507870674133, -0.461364209651947, -0.2649194002151489, -0.4247494637966156,
    -0.8656826615333557]
  cam_t_m2c: [-9.191926002502441, 5.969749927520752, 490.8494567871094]
  obj_bb: [631, 437, 618, 564]
  obj_id: 16
21:
- cam_R_m2c: [0.8788518905639648, -0.46206429600715637, 0.11881062388420105, -0.3813762366771698,
    -0.8300230503082275, -0.40695688128471375, 0.28665581345558167, 0.3123432695865631,
    -0.9056876301765442]
  cam_t_m2c: [9.952506065368652, 4.387505531311035, 773.0442504882812]
  obj_bb: [767, 501, 379, 382]
  obj_id: 16
22:
- cam_R_m2c: [0.9853611588478088, 0.1629006713628769, 0.05026664957404137, 0.16063250601291656,
    -0.788408100605011, -0.5938096642494202, -0.05710136517882347, 0.5931914448738098,
    -0.8030338883399963]
  cam_t_m2c: [7.168801307678223, 9.834724426269531, 1307.8056640625]
  obj_bb: [841, 628, 226, 170]
  obj_id: 16
23:
- cam_R_m2c: [0.8489052057266235, -0.4518844187259674, 0.27415406703948975, -0.22496242821216583,
    -0.7782779932022095, -0.5862388610839844, 0.47828012704849243, 0.43598687648773193,
    -0.7623412609100342]
  cam_t_m2c: [8.765460968017578, 6.395345687866211, 1004.3571166992188]
  obj_bb: [806, 566, 298, 266]
  obj_id: 16
24:
- cam_R_m2c: [0.9758902192115784, -0.2090868502855301, 0.06261728703975677, 0.029743822291493416,
    -0.1568146049976349, -0.987180233001709, 0.21622566878795624, 0.9652420878410339,
    -0.14681480824947357]
  cam_t_m2c: [9.449410438537598, 6.758764266967773, 1662.319091796875]
  obj_bb: [865, 669, 172, 107]
  obj_id: 16
25:
- cam_R_m2c: [-0.5284327864646912, 0.7825251221656799, -0.32926249504089355, 0.8345009684562683,
    0.4074558615684509, -0.37092864513397217, -0.15610097348690033, -0.4707805812358856,
    -0.8683310747146606]
  cam_t_m2c: [-7.85216760635376, 6.604140758514404, 1225.9718017578125]
  obj_bb: [825, 617, 246, 212]
  obj_id: 16
26:
- cam_R_m2c: [-0.07898788154125214, 0.984296977519989, -0.15786314010620117, 0.12629708647727966,
    -0.14720116555690765, -0.981010377407074, -0.9888429641723633, -0.09742537140846252,
    -0.11268695443868637]
  cam_t_m2c: [-6.238912582397461, 7.495728492736816, 597.9775390625]
  obj_bb: [701, 568, 491, 305]
  obj_id: 16
27:
- cam_R_m2c: [0.1231977716088295, 0.9920703172683716, 0.024875137954950333, 0.8675824403762817,
    -0.09550151228904724, -0.4880370795726776, -0.48179149627685547, 0.08170630782842636,
    -0.8724683523178101]
  cam_t_m2c: [-5.557003498077393, 10.826605796813965, 1175.79248046875]
  obj_bb: [825, 629, 258, 184]
  obj_id: 16
28:
- cam_R_m2c: [0.7555224299430847, 0.6354575157165527, 0.15930959582328796, 0.272748202085495,
    -0.08400774002075195, -0.9584106802940369, -0.5956460237503052, 0.7675521969795227,
    -0.23678962886333466]
  cam_t_m2c: [1.4896937608718872, 8.222810745239258, 844.4046630859375]
  obj_bb: [791, 623, 356, 210]
  obj_id: 16
29:
- cam_R_m2c: [0.6488058567047119, -0.7605959177017212, 0.023342924192547798, -0.757781445980072,
    -0.6485951542854309, -0.07135651260614395, 0.06941357254981995, 0.02860768884420395,
    -0.99717777967453]
  cam_t_m2c: [10.446016311645508, -1.9124047756195068, 1125.600341796875]
  obj_bb: [827, 571, 251, 276]
  obj_id: 16
30:
- cam_R_m2c: [0.5193217396736145, 0.8545230627059937, -0.0097576342523098, 0.10730522125959396,
    -0.07653211057186127, -0.9912761449813843, -0.8478151559829712, 0.5137442350387573,
    -0.13143958151340485]
  cam_t_m2c: [-1.0438050031661987, 6.926799774169922, 748.4739990234375]
  obj_bb: [751, 619, 417, 221]
  obj_id: 16
31:
- cam_R_m2c: [-0.7063191533088684, -0.4731203615665436, 0.526565432548523, -0.7075694799423218,
    0.4493253827095032, -0.5453919768333435, 0.021436700597405434, -0.7578021287918091,
    -0.6521328091621399]
  cam_t_m2c: [-5.931299209594727, -6.022850036621094, 821.6476440429688]
  obj_bb: [805, 533, 314, 367]
  obj_id: 16
32:
- cam_R_m2c: [-0.39531204104423523, 0.8487982153892517, -0.3510983884334564, 0.5221627354621887,
    -0.10680769383907318, -0.8461313247680664, -0.7556947469711304, -0.5178163647651672,
    -0.40098848938941956]
  cam_t_m2c: [-7.01381254196167, 9.903494834899902, 1156.00244140625]
  obj_bb: [818, 656, 259, 152]
  obj_id: 16
33:
- cam_R_m2c: [0.06865271180868149, -0.9895813465118408, -0.12655319273471832, -0.8465056419372559,
    0.009346353821456432, -0.5322978496551514, 0.5279347896575928, 0.14367170631885529,
    -0.8370445370674133]
  cam_t_m2c: [7.762041091918945, -4.4203948974609375, 677.38525390625]
  obj_bb: [746, 487, 420, 446]
  obj_id: 16
34:
- cam_R_m2c: [0.41661888360977173, 0.7231700420379639, 0.550866425037384, 0.7478433847427368,
    0.07189209014177322, -0.6599710583686829, -0.5168741941452026, 0.6869182586669922,
    -0.5108663439750671]
  cam_t_m2c: [-4.183381080627441, 9.652107238769531, 1223.8302001953125]
  obj_bb: [860, 636, 231, 167]
  obj_id: 16
35:
- cam_R_m2c: [0.5291513204574585, 0.8481952548027039, -0.023742686957120895, 0.814998984336853,
    -0.5158313512802124, -0.2639971673488617, -0.23616838455200195, 0.12034417688846588,
    -0.9642310738563538]
  cam_t_m2c: [-0.840010941028595, 11.876143455505371, 776.8414306640625]
  obj_bb: [748, 568, 422, 316]
  obj_id: 16
36:
- cam_R_m2c: [0.8725844025611877, 0.48745283484458923, -0.031404707580804825, 0.39504608511924744,
    -0.7420589923858643, -0.5415604114532471, -0.28728923201560974, 0.4601508677005768,
    -0.8400754332542419]
  cam_t_m2c: [4.526475429534912, 11.266481399536133, 1505.25830078125]
  obj_bb: [857, 657, 196, 130]
  obj_id: 16
37:
- cam_R_m2c: [-0.7552667856216431, -0.6177988052368164, 0.21885299682617188, -0.6530578136444092,
    0.6810453534126282, -0.33119893074035645, 0.05556550621986389, -0.39306724071502686,
    -0.9178292751312256]
  cam_t_m2c: [-3.7014353275299072, -8.25460433959961, 853.0448608398438]
  obj_bb: [770, 540, 350, 356]
  obj_id: 16
38:
- cam_R_m2c: [0.9628213047981262, -0.25616317987442017, -0.08576499670743942, -0.2699594497680664,
    -0.9008201360702515, -0.34006720781326294, 0.00985387247055769, 0.3505770266056061,
    -0.9364824891090393]
  cam_t_m2c: [10.467220306396484, 5.441525936126709, 1294.6790771484375]
  obj_bb: [847, 594, 210, 227]
  obj_id: 16
39:
- cam_R_m2c: [-0.6461907625198364, 0.681088924407959, 0.34431859850883484, -0.008945383131504059,
    0.4443749785423279, -0.8957961797714233, -0.7631234526634216, -0.5819353461265564,
    -0.2810583710670471]
  cam_t_m2c: [-11.943441390991211, 1.9889119863510132, 1291.76806640625]
  obj_bb: [864, 624, 177, 189]
  obj_id: 16
40:
- cam_R_m2c: [-0.10409798473119736, 0.9647007584571838, -0.24190087616443634, 0.9532875418663025,
    0.0274361539632082, -0.3008158504962921, -0.28356045484542847, -0.2619154155254364,
    -0.9224932789802551]
  cam_t_m2c: [-5.861518859863281, 9.724721908569336, 1210.6728515625]
  obj_bb: [821, 617, 249, 210]
  obj_id: 16
41:
- cam_R_m2c: [-0.16999121010303497, 0.9759660363197327, -0.13635732233524323, 0.07644190639257431,
    -0.12489479780197144, -0.989220917224884, -0.9824762940406799, -0.17858223617076874,
    -0.05337371304631233]
  cam_t_m2c: [-7.089826583862305, 6.965004920959473, 1495.9549560546875]
  obj_bb: [853, 663, 193, 117]
  obj_id: 16
42:
- cam_R_m2c: [0.02166280522942543, 0.9593845009803772, 0.28126853704452515, 0.030107730999588966,
    0.28058096766471863, -0.9593580365180969, -0.9993118643760681, 0.02925071492791176,
    -0.022806700319051743]
  cam_t_m2c: [-7.64289665222168, 3.749300241470337, 487.2578430175781]
  obj_bb: [704, 488, 582, 445]
  obj_id: 16
43:
- cam_R_m2c: [-0.5344946980476379, -0.7889286279678345, -0.30316162109375, -0.5766280293464661,
    0.602645218372345, -0.5516510009765625, 0.6179121732711792, -0.12004305422306061,
    -0.7770290374755859]
  cam_t_m2c: [2.220428466796875, -5.858885288238525, 1088.701171875]
  obj_bb: [789, 581, 281, 274]
  obj_id: 16
44:
- cam_R_m2c: [0.9186360836029053, 0.3397608995437622, -0.201668843626976, 0.2866133749485016,
    -0.9243743419647217, -0.25176361203193665, -0.2719569206237793, 0.1734781563282013,
    -0.9465436339378357]
  cam_t_m2c: [6.834249973297119, 9.913520812988281, 738.373291015625]
  obj_bb: [767, 554, 380, 342]
  obj_id: 16
45:
- cam_R_m2c: [0.8511610627174377, -0.30459266901016235, -0.4274905323982239, -0.4992089569568634,
    -0.7214270234107971, -0.47993072867393494, -0.16221983730793, 0.6219054460525513,
    -0.7661059498786926]
  cam_t_m2c: [11.715202331542969, 3.0646660327911377, 925.3336181640625]
  obj_bb: [832, 534, 238, 317]
  obj_id: 16
46:
- cam_R_m2c: [-0.056086789816617966, 0.983726978302002, 0.17069178819656372, 0.8173807859420776,
    0.14341726899147034, -0.5579608678817749, -0.5733612775802612, 0.1082259863615036,
    -0.8121233582496643]
  cam_t_m2c: [-7.860175132751465, 9.21957015991211, 707.3929443359375]
  obj_bb: [757, 566, 406, 307]
  obj_id: 16
47:
- cam_R_m2c: [0.994452714920044, -0.05924888327717781, 0.08691027760505676, -0.04784602299332619,
    -0.9906362295150757, -0.1278727799654007, 0.0936727523803711, 0.12300511449575424,
    -0.9879757165908813]
  cam_t_m2c: [8.495610237121582, 6.770103454589844, 1035.2357177734375]
  obj_bb: [812, 576, 287, 284]
  obj_id: 16
48:
- cam_R_m2c: [-0.3586936891078949, 0.8620145916938782, -0.3581479787826538, 0.7098579406738281,
    0.0027419014368206263, -0.7043396830558777, -0.6061689853668213, -0.5068762898445129,
    -0.6128914952278137]
  cam_t_m2c: [-6.744715213775635, 10.022276878356934, 1282.9468994140625]
  obj_bb: [830, 652, 235, 148]
  obj_id: 16
49:
- cam_R_m2c: [0.6701250076293945, 0.6838498711585999, -0.2885857820510864, 0.3019242584705353,
    -0.6063205003738403, -0.7356745600700378, -0.6780664920806885, 0.40586286783218384,
    -0.6127814054489136]
  cam_t_m2c: [2.921190023422241, 10.652039527893066, 629.231201171875]
  obj_bb: [695, 558, 486, 312]
  obj_id: 16
50:
- cam_R_m2c: [-0.9530501365661621, 0.0630418062210083, -0.2961788475513458, 0.21945072710514069,
    0.8177515268325806, -0.53209388256073, 0.20865654945373535, -0.5721086263656616,
    -0.7931928038597107]
  cam_t_m2c: [-7.001718521118164, -0.49614161252975464, 724.33447265625]
  obj_bb: [725, 493, 429, 420]
  obj_id: 16
51:
- cam_R_m2c: [-0.43391236662864685, -0.8942832350730896, -0.10944173485040665, -0.6082125306129456,
    0.38037094473838806, -0.696703314781189, 0.6646785140037537, -0.23574435710906982,
    -0.7089619040489197]
  cam_t_m2c: [2.702899694442749, -3.8742311000823975, 665.4027099609375]
  obj_bb: [693, 503, 482, 431]
  obj_id: 16
52:
- cam_R_m2c: [-0.7620178461074829, -0.6464677453041077, 0.03752553462982178, -0.6412802934646606,
    0.7453165650367737, -0.1823810487985611, 0.0899350643157959, -0.16304200887680054,
    -0.9825115203857422]
  cam_t_m2c: [-2.5662617683410645, -9.39859676361084, 1041.92431640625]
  obj_bb: [792, 577, 294, 284]
  obj_id: 16
53:
- cam_R_m2c: [0.28301042318344116, -0.8716678023338318, 0.40012574195861816, -0.5342930555343628,
    -0.4897371828556061, -0.6889767646789551, 0.7965151071548462, -0.0187966488301754,
    -0.6043269038200378]
  cam_t_m2c: [5.921103000640869, 2.407461404800415, 1053.3255615234375]
  obj_bb: [810, 566, 292, 267]
  obj_id: 16
54:
- cam_R_m2c: [0.7413946390151978, 0.6586595773696899, 0.1284584403038025, 0.20788271725177765,
    -0.043413762003183365, -0.9771898984909058, -0.6380586624145508, 0.7511876821517944,
    -0.16911068558692932]
  cam_t_m2c: [1.3877065181732178, 7.50130033493042, 1035.0662841796875]
  obj_bb: [820, 639, 290, 171]
  obj_id: 16
55:
- cam_R_m2c: [0.2802774906158447, -0.9290152788162231, 0.24160948395729065, -0.827235996723175,
    -0.36144381761550903, -0.4301616847515106, 0.48695501685142517, -0.07930339127779007,
    -0.8698194622993469]
  cam_t_m2c: [7.151792049407959, -2.3973324298858643, 1118.1405029296875]
  obj_bb: [819, 570, 272, 274]
  obj_id: 16
56:
- cam_R_m2c: [-0.7315982580184937, -0.6736871600151062, 0.10445258766412735, -0.4655826687812805,
    0.3818148374557495, -0.7984049320220947, 0.49799346923828125, -0.632742702960968,
    -0.5929923057556152]
  cam_t_m2c: [-2.4971179962158203, -2.087559461593628, 1166.923828125]
  obj_bb: [813, 604, 259, 234]
  obj_id: 16
57:
- cam_R_m2c: [-0.7892098426818848, -0.6056147217750549, -0.10187970846891403, -0.13960139453411102,
    0.3384665846824646, -0.9305654764175415, 0.5980469584465027, -0.7201884984970093,
    -0.351666122674942]
  cam_t_m2c: [-2.2948529720306396, 1.7452799081802368, 738.5521240234375]
  obj_bb: [715, 567, 430, 323]
  obj_id: 16
58:
- cam_R_m2c: [-0.7925021052360535, -0.2614831328392029, -0.5509697794914246, 0.33144089579582214,
    0.573701798915863, -0.7490082383155823, 0.5119454264640808, -0.7762042284011841,
    -0.3679938316345215]
  cam_t_m2c: [-2.0803139209747314, 3.269690990447998, 1062.107177734375]
  obj_bb: [792, 580, 284, 257]
  obj_id: 16
59:
- cam_R_m2c: [0.16474540531635284, -0.9523895978927612, 0.2565406262874603, -0.8204636573791504,
    -0.2766842246055603, -0.5002852082252502, 0.547447144985199, -0.12806256115436554,
    -0.8269835114479065]
  cam_t_m2c: [6.223749160766602, -2.503765821456909, 1095.7459716796875]
  obj_bb: [819, 570, 277, 276]
  obj_id: 16
60:
- cam_R_m2c: [-0.8986790180206299, -0.38685575127601624, -0.20668619871139526, -0.307834655046463,
    0.8919854760169983, -0.3310585916042328, 0.3124329745769501, -0.23389016091823578,
    -0.9206962585449219]
  cam_t_m2c: [-4.0885396003723145, -6.651637077331543, 900.0887451171875]
  obj_bb: [762, 545, 349, 343]
  obj_id: 16
61:
- cam_R_m2c: [-0.9120004773139954, 0.07121627777814865, -0.40395990014076233, 0.40720537304878235,
    0.03861437365412712, -0.9125200510025024, -0.04938759654760361, -0.9967132806777954,
    -0.06421610713005066]
  cam_t_m2c: [-6.102550983428955, 8.328203201293945, 1110.8060302734375]
  obj_bb: [805, 640, 274, 173]
  obj_id: 16
62:
- cam_R_m2c: [0.7252970337867737, -0.6108770370483398, -0.31744855642318726, -0.6874709129333496,
    -0.6182735562324524, -0.38094907999038696, 0.03644305095076561, 0.4945378303527832,
    -0.8683921694755554]
  cam_t_m2c: [12.018939018249512, 0.21499954164028168, 1131.4720458984375]
  obj_bb: [846, 567, 209, 270]
  obj_id: 16
63:
- cam_R_m2c: [-0.8415963649749756, -0.2741920053958893, 0.465332567691803, -0.5068166851997375,
    0.10311552882194519, -0.8558645248413086, 0.18668816983699799, -0.9561307430267334,
    -0.225746750831604]
  cam_t_m2c: [-8.060293197631836, -0.3034323453903198, 574.0325317382812]
  obj_bb: [741, 481, 424, 472]
  obj_id: 16
64:
- cam_R_m2c: [-0.9578273892402649, 0.07368018478155136, -0.277738481760025, 0.24023950099945068,
    0.7356275916099548, -0.6333538889884949, 0.15764649212360382, -0.6733672022819519,
    -0.7223052382469177]
  cam_t_m2c: [-7.214880466461182, 0.7820041179656982, 990.9915161132812]
  obj_bb: [788, 560, 310, 291]
  obj_id: 16
65:
- cam_R_m2c: [-0.2688862383365631, -0.8474151492118835, 0.4578075110912323, -0.8109807968139648,
    -0.057237885892391205, -0.5822662115097046, 0.5196251273155212, -0.5278365015983582,
    -0.6718469262123108]
  cam_t_m2c: [0.6749285459518433, -3.4011378288269043, 483.0964660644531]
  obj_bb: [648, 383, 658, 639]
  obj_id: 16
66:
- cam_R_m2c: [-0.47367414832115173, -0.8747491836547852, 0.1022081971168518, -0.5558081865310669,
    0.20689208805561066, -0.8051539659500122, 0.683161735534668, -0.4381888210773468,
    -0.584192156791687]
  cam_t_m2c: [1.057498574256897, -1.6863187551498413, 618.2587280273438]
  obj_bb: [684, 502, 525, 442]
  obj_id: 16
67:
- cam_R_m2c: [-0.8867347240447998, 0.08395585417747498, -0.45459210872650146, 0.41655433177948,
    0.571539580821991, -0.7069831490516663, 0.20046208798885345, -0.8162683844566345,
    -0.5417763590812683]
  cam_t_m2c: [-5.686690807342529, 3.786012649536133, 1193.2333984375]
  obj_bb: [816, 596, 254, 226]
  obj_id: 16
68:
- cam_R_m2c: [-0.10730702430009842, -0.8848941922187805, 0.4532635509967804, -0.6127495169639587,
    -0.3001590669155121, -0.7310560941696167, 0.7829582095146179, -0.35618430376052856,
    -0.5100094676017761]
  cam_t_m2c: [2.3409295082092285, 0.7242262363433838, 745.2333374023438]
  obj_bb: [757, 509, 421, 382]
  obj_id: 16
69:
- cam_R_m2c: [-0.9936566948890686, 0.012740078382194042, 0.11173141002655029, -0.10121896862983704,
    0.33159416913986206, -0.9379765391349792, -0.048999376595020294, -0.9433360695838928,
    -0.32820120453834534]
  cam_t_m2c: [-9.287144660949707, 2.1630935668945312, 1274.31201171875]
  obj_bb: [842, 632, 218, 181]
  obj_id: 16
70:
- cam_R_m2c: [0.10766870528459549, -0.9925761818885803, -0.05656929314136505, -0.7238959074020386,
    -0.03926819562911987, -0.6887909173965454, 0.6814560294151306, 0.11511155962944031,
    -0.7227498292922974]
  cam_t_m2c: [7.7304840087890625, -2.1753087043762207, 956.6719360351562]
  obj_bb: [807, 563, 295, 295]
  obj_id: 16
71:
- cam_R_m2c: [-0.9194287061691284, 0.2436782866716385, -0.30866125226020813, 0.3920817971229553,
    0.6286414265632629, -0.6716262102127075, 0.030376529321074486, -0.7385329008102417,
    -0.6735327839851379]
  cam_t_m2c: [-7.822497844696045, 3.005340576171875, 938.815673828125]
  obj_bb: [782, 557, 325, 294]
  obj_id: 16
72:
- cam_R_m2c: [-0.7655006647109985, -0.6099012494087219, -0.20501014590263367, -0.3563215732574463,
    0.6671273708343506, -0.6541987657546997, 0.5357645153999329, -0.42774006724357605,
    -0.7280073761940002]
  cam_t_m2c: [-1.4897809028625488, -3.808049440383911, 935.5372314453125]
  obj_bb: [761, 561, 340, 312]
  obj_id: 16
73:
- cam_R_m2c: [-0.7430329918861389, -0.543619692325592, -0.3903583288192749, -0.015390857122838497,
    0.5969986319541931, -0.802094578742981, 0.6690778136253357, -0.5899747610092163,
    -0.4519564211368561]
  cam_t_m2c: [-0.700436532497406, 0.415947288274765, 683.4439697265625]
  obj_bb: [685, 510, 468, 405]
  obj_id: 16
74:
- cam_R_m2c: [-0.11618222296237946, -0.8477791547775269, 0.5174672603607178, -0.7994176149368286,
    -0.22936934232711792, -0.5552670359611511, 0.5894348621368408, -0.4781844913959503,
    -0.6510810256004333]
  cam_t_m2c: [1.6655848026275635, -2.326205253601074, 958.07958984375]
  obj_bb: [805, 549, 319, 314]
  obj_id: 16
75:
- cam_R_m2c: [-0.9807172417640686, -0.035012487322092056, -0.19227235019207, 0.09316357970237732,
    0.7810884714126587, -0.6174312829971313, 0.17179954051971436, -0.6234380006790161,
    -0.7627651691436768]
  cam_t_m2c: [-7.176441192626953, -0.8739382028579712, 879.4985961914062]
  obj_bb: [767, 541, 350, 335]
  obj_id: 16
76:
- cam_R_m2c: [-0.16966129839420319, -0.9312368631362915, -0.3225111663341522, -0.026456382125616074,
    0.3314412534236908, -0.9431049823760986, 0.9851474761962891, -0.1514757126569748,
    -0.08087007701396942]
  cam_t_m2c: [6.409026622772217, 2.838350772857666, 1083.69580078125]
  obj_bb: [807, 610, 259, 217]
  obj_id: 16
77:
- cam_R_m2c: [-0.6969681978225708, 0.6610136032104492, 0.278021901845932, 0.20734542608261108,
    0.5569033622741699, -0.8042801022529602, -0.6864714622497559, -0.5029111504554749,
    -0.5252020359039307]
  cam_t_m2c: [-11.883111953735352, 2.614293336868286, 1421.1680908203125]
  obj_bb: [868, 620, 169, 186]
  obj_id: 16
78:
- cam_R_m2c: [-0.8201107382774353, -0.46354928612709045, -0.33547016978263855, 0.18985982239246368,
    0.332618772983551, -0.9237520694732666, 0.5397883057594299, -0.8212714195251465,
    -0.18477478623390198]
  cam_t_m2c: [-2.193869113922119, 4.591620445251465, 498.3307800292969]
  obj_bb: [581, 481, 660, 480]
  obj_id: 16
79:
- cam_R_m2c: [0.04399178922176361, -0.9983083605766296, 0.03801868483424187, -0.6935252547264099,
    -0.05790885537862778, -0.7181013226509094, 0.719088077545166, 0.00522373104467988,
    -0.6948996186256409]
  cam_t_m2c: [6.693014144897461, -1.6284511089324951, 1004.2830810546875]
  obj_bb: [809, 573, 293, 278]
  obj_id: 16
80:
- cam_R_m2c: [-0.7521905303001404, 0.5525673031806946, -0.35899806022644043, 0.6522581577301025,
    0.5469311475753784, -0.524810254573822, -0.09364567697048187, -0.6289164423942566,
    -0.7718130946159363]
  cam_t_m2c: [-8.117142677307129, 4.9721999168396, 949.7457885742188]
  obj_bb: [787, 567, 321, 283]
  obj_id: 16
81:
- cam_R_m2c: [0.7642142176628113, 0.39151903986930847, -0.5125325322151184, -0.1753271073102951,
    -0.6386353969573975, -0.7492702007293701, -0.6206747889518738, 0.6624637842178345,
    -0.41941043734550476]
  cam_t_m2c: [6.886847496032715, 6.81589937210083, 1186.4107666015625]
  obj_bb: [834, 595, 210, 215]
  obj_id: 16
82:
- cam_R_m2c: [-0.33290398120880127, -0.9143069982528687, 0.23068936169147491, -0.838182270526886,
    0.17484168708324432, -0.5166051387786865, 0.4320015609264374, -0.3653396666049957,
    -0.824561357498169]
  cam_t_m2c: [1.8190675973892212, -5.517059803009033, 457.9160461425781]
  obj_bb: [598, 372, 732, 679]
  obj_id: 16
83:
- cam_R_m2c: [-0.4294246733188629, 0.7528654932975769, -0.49878647923469543, 0.7959874868392944,
    0.054626841098070145, -0.602843165397644, -0.4266126751899719, -0.6559035181999207,
    -0.6227295994758606]
  cam_t_m2c: [-5.862200736999512, 9.864048957824707, 978.9239501953125]
  obj_bb: [793, 619, 307, 209]
  obj_id: 16
84:
- cam_R_m2c: [-0.9927846789360046, 0.11688299477100372, 0.026771677657961845, 0.09222803264856339,
    0.8870037198066711, -0.45245811343193054, -0.07663124054670334, -0.44672444462776184,
    -0.8913835883140564]
  cam_t_m2c: [-9.488728523254395, -2.489412307739258, 1148.188232421875]
  obj_bb: [824, 580, 248, 265]
  obj_id: 16
85:
- cam_R_m2c: [-0.6247718930244446, 0.7644923329353333, -0.1587837040424347, 0.7236677408218384,
    0.49058806896209717, -0.48541587591171265, -0.29319921135902405, -0.4181806445121765,
    -0.8597440719604492]
  cam_t_m2c: [-9.512030601501465, 5.739115238189697, 1572.7242431640625]
  obj_bb: [857, 632, 185, 166]
  obj_id: 16
86:
- cam_R_m2c: [-0.8436856269836426, -0.025657957419753075, 0.5362246036529541, -0.4169049561023712,
    0.6605971455574036, -0.6243410706520081, -0.3382091820240021, -0.7503020763397217,
    -0.5680333375930786]
  cam_t_m2c: [-10.095769882202148, -4.454448699951172, 539.4151000976562]
  obj_bb: [747, 442, 399, 550]
  obj_id: 16
87:
- cam_R_m2c: [-0.8287109136581421, 0.5362997651100159, -0.1600671261548996, 0.5582594871520996,
    0.7717376947402954, -0.3045773506164551, -0.039814893156290054, -0.34176546335220337,
    -0.9389418959617615]
  cam_t_m2c: [-9.775368690490723, 1.4692713022232056, 644.9891967773438]
  obj_bb: [711, 468, 466, 497]
  obj_id: 16
88:
- cam_R_m2c: [-0.783000648021698, 0.6035557985305786, -0.15043671429157257, 0.6219063997268677,
    0.7549611926078796, -0.20800507068634033, -0.01196874026209116, -0.25642555952072144,
    -0.9664903283119202]
  cam_t_m2c: [-9.873771667480469, 1.5928000211715698, 432.825439453125]
  obj_bb: [582, 343, 705, 778]
  obj_id: 16
89:
- cam_R_m2c: [0.19146695733070374, -0.9810459017753601, -0.029822347685694695, -0.9801291227340698,
    -0.1895066350698471, -0.058601975440979004, 0.05183969438076019, 0.040450092405080795,
    -0.9978358745574951]
  cam_t_m2c: [8.230741500854492, -6.902864933013916, 1206.95068359375]
  obj_bb: [837, 593, 233, 248]
  obj_id: 16
90:
- cam_R_m2c: [0.2818160653114319, 0.7327348589897156, -0.6194186806678772, 0.28104111552238464,
    -0.6803101301193237, -0.6769006848335266, -0.9173853397369385, 0.016679462045431137,
    -0.3976510763168335]
  cam_t_m2c: [1.0825414657592773, 10.629130363464355, 967.5568237304688]
  obj_bb: [785, 607, 292, 212]
  obj_id: 16
91:
- cam_R_m2c: [-0.77033931016922, -0.5514684915542603, -0.3200945258140564, 0.12234743684530258,
    0.36483901739120483, -0.9229971766471863, 0.6257867813110352, -0.7501834630966187,
    -0.21357931196689606]
  cam_t_m2c: [-1.2749526500701904, 3.793694019317627, 1118.14111328125]
  obj_bb: [792, 610, 281, 214]
  obj_id: 16
92:
- cam_R_m2c: [-0.7849079370498657, 0.40061771869659424, 0.4726792573928833, -0.3376121520996094,
    0.36315301060676575, -0.8684113025665283, -0.5195558071136475, -0.8412048816680908,
    -0.1497885286808014]
  cam_t_m2c: [-12.020995140075684, -0.47158634662628174, 707.184326171875]
  obj_bb: [806, 536, 295, 366]
  obj_id: 16
93:
- cam_R_m2c: [-0.9504892230033875, 0.08711328357458115, -0.2982974052429199, 0.3011222779750824,
    0.49535831809043884, -0.8148285150527954, 0.07678170502185822, -0.8643097877502441,
    -0.497064471244812]
  cam_t_m2c: [-7.125248908996582, 3.884993553161621, 577.5662841796875]
  obj_bb: [664, 483, 543, 452]
  obj_id: 16
94:
- cam_R_m2c: [0.978310763835907, 0.2045000195503235, -0.03298170492053032, 0.1990317404270172,
    -0.9721311330795288, -0.12388493865728378, -0.057397011667490005, 0.11463356763124466,
    -0.9917483925819397]
  cam_t_m2c: [7.297825813293457, 8.75959587097168, 882.7760009765625]
  obj_bb: [791, 573, 333, 307]
  obj_id: 16
95:
- cam_R_m2c: [-0.2484123259782791, -0.9648154973983765, 0.08615642040967941, -0.9593494534492493,
    0.23275160789489746, -0.15961073338985443, 0.13394181430339813, -0.12230332940816879,
    -0.983413577079773]
  cam_t_m2c: [3.68111515045166, -8.922806739807129, 1105.72314453125]
  obj_bb: [808, 583, 287, 269]
  obj_id: 16
96:
- cam_R_m2c: [-0.9189143180847168, -0.2325729876756668, 0.31860166788101196, -0.3453042507171631,
    0.8647345304489136, -0.3646905720233917, -0.19068869948387146, -0.4451337456703186,
    -0.874925434589386]
  cam_t_m2c: [-8.185949325561523, -6.610724925994873, 1048.699462890625]
  obj_bb: [825, 573, 249, 290]
  obj_id: 16
97:
- cam_R_m2c: [-0.957466185092926, 0.18820820748806, -0.21871526539325714, 0.22839196026325226,
    0.031091652810573578, -0.9730727076530457, -0.1763400286436081, -0.9816369414329529,
    -0.07275453209877014]
  cam_t_m2c: [-8.288067817687988, 7.16843843460083, 1576.75927734375]
  obj_bb: [854, 666, 188, 116]
  obj_id: 16
98:
- cam_R_m2c: [0.1761454939842224, 0.971738338470459, -0.15715478360652924, 0.9547889232635498,
    -0.20750275254249573, -0.21288765966892242, -0.2394810914993286, -0.11255038529634476,
    -0.9643556475639343]
  cam_t_m2c: [-3.956660747528076, 10.785232543945312, 1208.930419921875]
  obj_bb: [819, 616, 257, 214]
  obj_id: 16
99:
- cam_R_m2c: [-0.9810516238212585, 0.15522319078445435, 0.11594990640878677, 0.058538228273391724,
    0.8079564571380615, -0.5863273739814758, -0.1846940666437149, -0.5684296488761902,
    -0.8017335534095764]
  cam_t_m2c: [-10.132672309875488, -1.5211012363433838, 903.7823486328125]
  obj_bb: [795, 547, 305, 326]
  obj_id: 16
100:
- cam_R_m2c: [-0.505498468875885, -0.8237310647964478, -0.25678637623786926, -0.533213198184967,
    0.5322126150131226, -0.6575968861579895, 0.6783478260040283, -0.19549210369586945,
    -0.7082570195198059]
  cam_t_m2c: [2.4409639835357666, -4.435880184173584, 1169.456298828125]
  obj_bb: [802, 595, 260, 246]
  obj_id: 16
101:
- cam_R_m2c: [-0.6028370261192322, -0.46310076117515564, 0.6497116088867188, -0.5143226385116577,
    -0.3969869911670685, -0.7601799368858337, 0.6099669933319092, -0.7924259901046753,
    0.0011352928122505546]
  cam_t_m2c: [-5.785981178283691, 2.3689417839050293, 585.2772216796875]
  obj_bb: [751, 436, 433, 497]
  obj_id: 16
102:
- cam_R_m2c: [-0.7673175930976868, -0.372840940952301, -0.5217405557632446, 0.12978848814964294,
    0.7064768671989441, -0.6957337260246277, 0.6279956102371216, -0.6015647053718567,
    -0.49370163679122925]
  cam_t_m2c: [-1.2975409030914307, 0.3646519184112549, 1448.8631591796875]
  obj_bb: [833, 613, 207, 197]
  obj_id: 16
103:
- cam_R_m2c: [0.8521078824996948, -0.18020595610141754, -0.4913633465766907, -0.506409764289856,
    -0.046848610043525696, -0.8610194325447083, 0.1321411430835724, 0.9825126528739929,
    -0.1311781257390976]
  cam_t_m2c: [11.264853477478027, 0.7085604667663574, 773.7987670898438]
  obj_bb: [804, 548, 275, 328]
  obj_id: 16
104:
- cam_R_m2c: [-0.7574315667152405, 0.6505885720252991, 0.055071666836738586, 0.3076971769332886,
    0.4300733804702759, -0.8487400412559509, -0.5758652687072754, -0.6259167194366455,
    -0.5259356498718262]
  cam_t_m2c: [-11.100157737731934, 4.5565972328186035, 1650.6026611328125]
  obj_bb: [870, 639, 164, 152]
  obj_id: 16
105:
- cam_R_m2c: [-0.12227636575698853, 0.9158688187599182, -0.3824043273925781, 0.7035183906555176,
    -0.19179461896419525, -0.6843076348304749, -0.7000790238380432, -0.3527030050754547,
    -0.6208786964416504]
  cam_t_m2c: [-4.919683456420898, 11.127405166625977, 1145.8048095703125]
  obj_bb: [813, 651, 262, 155]
  obj_id: 16
106:
- cam_R_m2c: [-0.9806244969367981, 0.14786958694458008, -0.12849193811416626, 0.19537651538848877,
    0.6904653310775757, -0.696480929851532, -0.014269118197262287, -0.7080905437469482,
    -0.7059774398803711]
  cam_t_m2c: [-8.724562644958496, 1.0397862195968628, 723.0258178710938]
  obj_bb: [733, 508, 417, 390]
  obj_id: 16
107:
- cam_R_m2c: [0.3285735547542572, 0.80643630027771, 0.49162980914115906, 0.2867724895477295,
    0.41077256202697754, -0.8654637336730957, -0.8998894095420837, 0.42535439133644104,
    -0.09629475325345993]
  cam_t_m2c: [-5.159428119659424, 4.594951152801514, 969.6595458984375]
  obj_bb: [837, 579, 291, 256]
  obj_id: 16
108:
- cam_R_m2c: [0.7520902156829834, 0.527752161026001, 0.3947632610797882, 0.5898397564888,
    -0.27177464962005615, -0.760412871837616, -0.2940228581428528, 0.8047460913658142,
    -0.5156882405281067]
  cam_t_m2c: [0.8578486442565918, 11.090375900268555, 634.4295043945312]
  obj_bb: [747, 618, 471, 252]
  obj_id: 16
109:
- cam_R_m2c: [-0.8533886671066284, -0.5210410356521606, -0.0156397707760334, -0.07059229910373688,
    0.14524206519126892, -0.9868747591972351, 0.5164737105369568, -0.8410834074020386,
    -0.16072964668273926]
  cam_t_m2c: [-3.8804430961608887, 3.9163379669189453, 967.7730712890625]
  obj_bb: [783, 627, 316, 203]
  obj_id: 16
110:
- cam_R_m2c: [-0.6701202988624573, -0.5620912909507751, 0.48476022481918335, -0.42803406715393066,
    -0.24092251062393188, -0.8710588216781616, 0.6064041256904602, -0.7912079095840454,
    -0.0791473388671875]
  cam_t_m2c: [-4.805063724517822, 2.709589958190918, 611.6806030273438]
  obj_bb: [747, 479, 435, 442]
  obj_id: 16
111:
- cam_R_m2c: [-0.32357677817344666, 0.9235670566558838, -0.2057231068611145, 0.9152451157569885,
    0.2503436803817749, -0.31568095088005066, -0.2400510311126709, -0.2904340922832489,
    -0.9262956380844116]
  cam_t_m2c: [-7.689426422119141, 8.02194881439209, 1158.911376953125]
  obj_bb: [818, 610, 258, 226]
  obj_id: 16
112:
- cam_R_m2c: [0.2797403335571289, -0.8971640467643738, 0.34182208776474, -0.7120287418365479,
    -0.43270111083984375, -0.5529787540435791, 0.6440191864967346, -0.08869655430316925,
    -0.7598506212234497]
  cam_t_m2c: [6.382958889007568, -0.25509482622146606, 585.0264892578125]
  obj_bb: [692, 428, 538, 522]
  obj_id: 16
113:
- cam_R_m2c: [-0.7755007147789001, -0.6282768249511719, 0.06218921020627022, -0.40190911293029785,
    0.41530928015708923, -0.8160805702209473, 0.48689666390419006, -0.6578651666641235,
    -0.5745829343795776]
  cam_t_m2c: [-2.938577651977539, -1.6579982042312622, 1667.372802734375]
  obj_bb: [855, 641, 180, 160]
  obj_id: 16
114:
- cam_R_m2c: [-0.7804367542266846, 0.49700653553009033, 0.37934544682502747, 0.22544728219509125,
    0.7896055579185486, -0.5706983208656311, -0.5831741094589233, -0.3598715364933014,
    -0.7282859683036804]
  cam_t_m2c: [-12.094466209411621, -0.0460650771856308, 397.9781799316406]
  obj_bb: [641, 322, 579, 744]
  obj_id: 16
115:
- cam_R_m2c: [-0.9110004305839539, -0.11835716664791107, -0.39505666494369507, 0.2218848466873169,
    0.6668016314506531, -0.7114371061325073, 0.34762808680534363, -0.7357766032218933,
    -0.5811949372291565]
  cam_t_m2c: [-4.904471397399902, 1.5064514875411987, 1281.8673095703125]
  obj_bb: [822, 600, 240, 219]
  obj_id: 16
116:
- cam_R_m2c: [-0.9510284066200256, -0.28314289450645447, 0.12399693578481674, -0.2686214745044708,
    0.5585913062095642, -0.7847409248352051, 0.15293018519878387, -0.779619038105011,
    -0.6072945594787598]
  cam_t_m2c: [-7.053098201751709, -1.6169995069503784, 1403.696533203125]
  obj_bb: [847, 622, 203, 195]
  obj_id: 16
117:
- cam_R_m2c: [-0.9934707283973694, -0.03648761287331581, -0.10809572041034698, 0.04460553824901581,
    0.7478345036506653, -0.6623850464820862, 0.10500656068325043, -0.6628817915916443,
    -0.7413241267204285]
  cam_t_m2c: [-7.744024753570557, -0.826515257358551, 676.2920532226562]
  obj_bb: [712, 494, 455, 429]
  obj_id: 16
118:
- cam_R_m2c: [0.54751056432724, -0.836542546749115, 0.02070586010813713, -0.7675217986106873,
    -0.5118874907493591, -0.3858516216278076, 0.3333803713321686, 0.19536563754081726,
    -0.9223284721374512]
  cam_t_m2c: [10.081443786621094, -1.1443886756896973, 1297.9373779296875]
  obj_bb: [843, 589, 218, 237]
  obj_id: 16
119:
- cam_R_m2c: [0.16776114702224731, 0.9695491790771484, -0.17841127514839172, 0.7575628161430359,
    -0.24259550869464874, -0.6060082316398621, -0.630836546421051, -0.033493123948574066,
    -0.7751924991607666]
  cam_t_m2c: [-3.896831512451172, 11.491887092590332, 633.7523193359375]
  obj_bb: [697, 585, 500, 293]
  obj_id: 16
120:
- cam_R_m2c: [-0.9444526433944702, -0.1737009435892105, 0.27899330854415894, -0.3277086317539215,
    0.5618754029273987, -0.759541392326355, -0.024826424196362495, -0.8087793588638306,
    -0.5875880122184753]
  cam_t_m2c: [-8.571537017822266, -2.288654327392578, 620.2261962890625]
  obj_bb: [727, 496, 436, 449]
  obj_id: 16
